1.1335779428482056
2.394592046737671
